    0.0270         0         0
    0.0541         0         0
    0.0811         0         0
    0.1081         0         0
    0.1351         0         0
    0.1622         0         0
    0.1892         0         0
    0.2162         0         0
    0.2432         0         0
    0.2703         0         0
    0.2973         0         0
    0.3243         0         0
    0.3514         0         0
    0.3784         0         0
    0.4054         0         0
    0.4324         0         0
    0.4595         0         0
    0.4865         0         0
    0.5135         0         0
    0.5405         0         0
    0.5676         0         0
    0.5946         0         0
    0.6216         0         0
    0.6486         0         0
    0.6757         0         0
    0.7027         0         0
    0.7297         0         0
    0.7568         0         0
    0.7838         0         0
    0.8108         0         0
    0.8378         0         0
    0.8649         0         0
    0.8919         0         0
    0.9189         0         0
    0.9459         0         0
    0.9730         0         0
    1.0000         0         0
    1.0000    0.0270         0
    1.0000    0.0541         0
    1.0000    0.0811         0
    1.0000    0.1081         0
    1.0000    0.1351         0
    1.0000    0.1622         0
    1.0000    0.1892         0
    1.0000    0.2162         0
    1.0000    0.2432         0
    1.0000    0.2703         0
    1.0000    0.2973         0
    1.0000    0.3243         0
    1.0000    0.3514         0
    1.0000    0.3784         0
    1.0000    0.4054         0
    1.0000    0.4324         0
    1.0000    0.4595         0
    1.0000    0.4865         0
    1.0000    0.5135         0
    1.0000    0.5405         0
    1.0000    0.5676         0
    1.0000    0.5946         0
    1.0000    0.6216         0
    1.0000    0.6486         0
    1.0000    0.6757         0
    1.0000    0.7027         0
    1.0000    0.7297         0
    1.0000    0.7568         0
    1.0000    0.7838         0
    1.0000    0.8108         0
    1.0000    0.8378         0
    1.0000    0.8649         0
    1.0000    0.8919         0
    1.0000    0.9189         0
    1.0000    0.9459         0
    1.0000    0.9730         0
    1.0000    1.0000         0
    1.0000    1.0000    0.0385
    1.0000    1.0000    0.0769
    1.0000    1.0000    0.1154
    1.0000    1.0000    0.1538
    1.0000    1.0000    0.1923
    1.0000    1.0000    0.2308
    1.0000    1.0000    0.2692
    1.0000    1.0000    0.3077
    1.0000    1.0000    0.3462
    1.0000    1.0000    0.3846
    1.0000    1.0000    0.4231
    1.0000    1.0000    0.4615
    1.0000    1.0000    0.5000
    1.0000    1.0000    0.5385
    1.0000    1.0000    0.5769
    1.0000    1.0000    0.6154
    1.0000    1.0000    0.6538
    1.0000    1.0000    0.6923
    1.0000    1.0000    0.7308
    1.0000    1.0000    0.7692
    1.0000    1.0000    0.8077
    1.0000    1.0000    0.8462
    1.0000    1.0000    0.8846
    1.0000    1.0000    0.9231
    1.0000    1.0000    0.9615
    1.0000    1.0000    1.0000